0.5151518774374794
0.4338708127057098
0.45456350554601904
0.3996806372264629
0.4487085324112901
0.4926052520791234
0.3935068155408967
0.5037246887619296
0.47245799672018257
0.3672947288584963
0.4054650202175279
0.48750025953335296
0.45145943439559116
0.5660014709553565
0.5388617049482208
0.4734539205623327
0.4833705014320215
0.487618207443003
0.4502037194454363
0.47211950678013687
0.5211723844535823
0.4167573781617079
0.44144477569005874
0.44785438069406763
0.4930702022038426
0.43793469027462295
0.3803201384063865
0.5569820031623768
0.4857045197711267
0.4455041068725525
0.3611591833052507
0.3597980270487415
0.43813176888265826
0.4682262116405051
0.4915208565724795
0.47910465001940045
0.45828882947702404
0.37454963769870914
0.5114506833788024
0.45171783434404456
0.44821455006594346
0.46879213837720035
0.48995034380360936
0.5599875516114056
0.47544873672648436
0.47054142491292056
0.4186359134379757
0.3763790274806289
0.37944792369391767
0.5417225989436775
0.397225842756652
0.4577467154593957
0.5422093858716507
0.4318558827317975
0.4766199880774343
0.39569444054088077
0.4746279513518878
0.48355292513411285
0.45915154647117173
0.5188957798438623
0.44561759491182334
0.3571846878789211
0.47947524371339845
0.3825980303829531
0.40271131717077885
0.4490865614125689
0.45650096977445637
0.4223861987861951
0.543901771098648
0.4527908209552081
0.456404451754165
0.45219607729955674
0.4762137129887514
0.392999525580052
0.3702488692540205
0.45662601422648325
0.5365472133079119
0.4669662101467675
0.4551134397265181
0.5103176549413176
0.46494327207794633
0.5209648877295936
0.3862692097038227
0.49817007668791435
0.48423483332247824
0.39170556033741505
0.4726610171773697
0.4613763422126062
0.5206657231396827
0.47195094504694746
0.3678159009951616
0.4594292574659169
0.4372244181293707
0.5223418444060113
0.4802860759606833
0.5292307069274884
0.42498460908864455
0.45479529054492474
0.48263667496869905
0.46579735112450915
0.5240110192214357
0.4302682501866043
0.47522285760771027
0.4817272386967977
0.3473741332648034
0.4093263705663622
0.3568207123837774
0.5046931575413774
0.4664825297210348
0.431358994762854
0.42412974640223633
0.50322840596684
0.45775938373104325
0.42322124398220645
0.4231280402425084
0.4906774409572127
0.48630213523369387
0.5165004449375702
0.4992557434422562
0.4689156194834619
0.34567200882618665
0.432579945316725
0.4462333551316847
0.45990383136955965
0.40469299695350336
0.4490476711789737
0.4862190832285457
0.4515017243775413
0.5473646131161382
0.4427566546868322
0.4657960617033407
0.43175844663713137
0.39686733623505166
0.45468745829090434
0.41855221026070866
0.44221234422212585
0.40818911329112506
0.39846385733440143
0.5075657992941621
0.3870680301711803
0.5361215866354735
0.449391994505415
0.4558553136225451
0.43878580811028894
0.45137014816998655
0.5423550704831245
0.35668612675175176
0.46074107995140107
0.38798753289620974
0.4065107013909003
0.41397937501909915
0.46930290865634183
0.39881957184586303
0.42431263729319874
0.4559966525775854
0.4278936465700154
0.35892097530639144
0.5157574507485222
0.46749185396216
0.40519211507080843
0.4929510877794434
0.41766194323120687
0.536286893109215
0.5022304121255629
0.48671107760073684
0.39370652102452053
0.48866365186681804
0.4978068246722706
0.47745406919417427
0.4509842102869947
0.4949649422502159
0.5261690874268604
0.4756642691440929
0.5423503953518488
0.4105958292033872
0.5008338902112647
0.45491489680044467
0.4268743730555177
0.4582094289413708
0.4441923254944107
0.4684864439159829
0.4550930738643983
0.44673172379980597
0.45512236388035854
0.44753718972820095
0.4745856002421342
0.45619018515987364
0.47137439125712605
0.393001495663982
0.45832850342749437
0.47591265824329854
0.46386555658008743
0.5129023840784284
0.47134717604845267
0.4969490799594406
0.38569520672792207
0.46425801070447914
0.40440287408013187
0.4234247780792496
0.3871332855049986
0.49244228659655376
0.3953754964935398
0.3718440362154616
0.4356239204939606
0.4146901322078984
0.4631689469975527
0.39159160299418483
0.38324074973669636
0.4761940830825906
0.3999415652608021
0.45354537483976737
0.44819571402340286
0.4859997885482831
0.47444016492503266
0.3989372347401118
0.42515167620685745
0.4326554492883108
0.5273485137087718
0.4345154011160796
0.4773178151592579
0.5169510703160068
0.43897174821844137
0.4652964824819847
0.5100983134014088
0.4257921885700368
0.46427150646266124
0.4524843943816853
0.4988173760218162
0.5041071768240741
0.4723647952476965
0.3942412626091255
0.4656867016528763
0.4862280882835149
0.3810141468246817
0.4778321872747483
0.39553746537713025
0.46787398942942326
0.3804091213422515
0.3501313036911817
0.450206545175863
0.42906029681281443
0.45121695635198034
0.508619410212112
0.4951119441649346
0.4174409883870864
0.4258577260980415
0.44101117908710435
0.4732802025632729
0.4655187686091894
0.4907675816290954
0.45301602860594364
0.5165999359211465
0.4071977779787496
0.5111188183485212
0.40971888575924936
0.4078579752987565
0.44725311699355413
0.44450019532787133
0.42008696052732275
0.4449979040455706
0.4361407007199849
0.5037347054361211
0.42021425005588653
0.4252161489435723
0.6104530800547594
0.46101419105999353
0.4484314136442116
0.4448654234563211
0.4387869393195867
0.49815027062202444
0.46177041839223565
0.47068901499229365
0.41955176169007696
0.4816092633619269
0.4176302117639764
0.43347154205555605
0.4462838362607578
0.47040162773852334
0.44485654169054845
0.42611301687585096
0.4818701010951595
0.4138138194159691
0.410839360481749
0.4652855650043975
0.45693299104495144
0.48099544025766716
0.5050105540202527
0.41852320796639686
0.38801627807266903
0.5025515289063224
0.40702393228098904
0.39159502245256117
0.4496130190633447
0.4032102421281526
0.4840461872158048
