43.333333333333336
48.61111111111111
48.61111111111111
48.05555555555556
52.5
45.0
45.0
43.05555555555556
48.888888888888886
41.11111111111111
46.111111111111114
57.49999999999999
50.0
50.83333333333333
46.111111111111114
42.77777777777778
55.00000000000001
54.72222222222223
41.94444444444444
45.27777777777778
43.888888888888886
50.27777777777778
49.72222222222222
51.388888888888886
50.83333333333333
48.888888888888886
52.77777777777778
46.94444444444444
48.333333333333336
45.83333333333333
45.55555555555556
41.94444444444444
45.83333333333333
44.72222222222222
51.388888888888886
48.05555555555556
50.55555555555556
40.833333333333336
50.55555555555556
47.5
45.55555555555556
42.77777777777778
51.11111111111111
44.166666666666664
43.888888888888886
56.111111111111114
52.77777777777778
48.333333333333336
49.166666666666664
52.5
43.888888888888886
38.611111111111114
48.333333333333336
48.888888888888886
43.888888888888886
45.0
49.72222222222222
45.83333333333333
50.27777777777778
46.666666666666664
48.333333333333336
50.83333333333333
48.05555555555556
49.72222222222222
48.888888888888886
52.77777777777778
44.72222222222222
44.44444444444444
55.55555555555556
47.77777777777778
51.11111111111111
49.166666666666664
46.111111111111114
49.72222222222222
51.388888888888886
49.72222222222222
56.94444444444444
46.666666666666664
43.611111111111114
45.55555555555556
47.5
54.166666666666664
49.72222222222222
46.94444444444444
41.94444444444444
51.94444444444445
53.05555555555556
49.72222222222222
48.888888888888886
39.44444444444444
45.0
44.44444444444444
42.77777777777778
49.44444444444444
43.888888888888886
46.111111111111114
43.888888888888886
46.666666666666664
44.72222222222222
45.83333333333333
44.72222222222222
51.66666666666667
46.94444444444444
45.83333333333333
51.11111111111111
41.66666666666667
48.333333333333336
50.83333333333333
52.77777777777778
44.166666666666664
51.94444444444445
58.05555555555556
48.05555555555556
51.11111111111111
45.83333333333333
46.111111111111114
44.72222222222222
45.83333333333333
50.0
48.888888888888886
49.72222222222222
48.05555555555556
42.5
46.666666666666664
50.0
56.94444444444444
48.61111111111111
48.888888888888886
